0:
###
##.
.##

1:
###
###
..#

2:
#..
##.
###

3:
###
..#
###

4:
###
.#.
###

5:
..#
.##
##.

42x48: 41 40 43 35 37 27
48x50: 67 56 56 55 63 76
43x43: 36 33 24 37 34 31
39x41: 31 29 29 35 24 21
40x47: 45 48 49 42 56 50
40x49: 50 56 50 43 50 54
44x44: 28 32 29 33 42 31
39x37: 18 25 22 37 27 26
36x35: 18 19 21 36 20 18
42x37: 32 31 26 23 27 28
43x44: 51 56 42 48 48 44
49x41: 40 33 36 35 30 33
35x38: 33 38 45 30 30 29
39x38: 38 49 27 36 36 42
50x50: 44 36 46 36 45 49
38x49: 60 41 48 40 44 56
48x41: 41 52 47 55 49 62
43x41: 31 24 32 36 31 28
38x46: 50 48 46 38 49 36
47x46: 61 57 55 45 57 59
35x43: 30 27 28 17 24 28
43x38: 28 33 34 23 27 23
38x50: 39 30 34 25 30 33
47x39: 36 28 29 31 36 35
46x40: 49 45 43 54 37 58
42x49: 60 54 50 47 49 58
43x38: 26 26 19 34 34 28
43x36: 24 27 32 28 29 28
39x48: 41 40 36 26 31 33
36x39: 27 27 20 34 14 33
40x47: 38 32 35 28 32 29
50x39: 33 41 28 42 31 33
41x46: 43 41 65 52 41 52
38x45: 31 25 24 37 30 32
45x40: 42 27 29 30 33 33
39x35: 22 23 22 29 21 26
43x38: 37 47 44 38 39 49
39x49: 38 48 50 58 48 54
36x41: 33 38 43 47 30 37
46x43: 37 35 39 33 28 37
44x48: 52 51 44 58 61 59
41x43: 42 27 30 28 29 26
48x36: 36 58 36 41 45 51
47x42: 46 40 35 27 33 28
47x45: 52 61 57 54 56 43
48x42: 54 54 52 52 41 60
45x35: 46 36 41 33 46 41
43x36: 26 26 28 27 26 35
38x46: 30 37 26 35 30 22
41x49: 27 28 43 38 38 33
45x46: 35 35 49 37 36 32
48x47: 44 47 38 35 41 34
39x46: 38 31 38 33 24 31
43x35: 33 26 21 23 21 30
42x40: 44 49 38 42 47 36
41x48: 42 44 40 28 28 26
35x42: 26 27 19 29 30 23
46x38: 45 45 44 40 45 52
35x43: 41 44 32 33 42 39
40x40: 23 26 30 31 36 23
37x44: 32 28 24 29 26 28
39x37: 22 25 26 32 27 24
35x46: 28 26 23 29 27 32
48x37: 52 38 45 51 40 48
38x39: 27 26 23 28 28 23
40x41: 28 33 36 26 22 24
50x45: 43 52 46 28 37 34
37x44: 38 38 43 43 52 35
44x42: 40 51 44 55 45 50
49x46: 28 42 49 37 42 42
38x50: 48 42 52 45 52 56
45x48: 35 38 47 40 44 36
50x41: 34 33 42 29 37 32
38x46: 47 56 43 42 41 38
46x42: 32 38 33 34 41 32
39x50: 32 36 35 42 25 37
48x48: 40 41 32 47 49 47
46x40: 31 33 29 30 38 33
49x50: 42 46 34 40 39 54
42x46: 58 53 47 43 50 45
38x49: 34 28 34 29 28 38
39x43: 37 35 50 52 43 42
44x42: 36 29 39 28 29 34
43x40: 48 37 41 38 58 42
41x48: 49 46 53 44 57 56
41x47: 35 32 31 34 28 35
40x40: 47 47 33 43 38 36
37x45: 48 43 48 49 32 35
46x44: 56 54 47 42 58 55
39x35: 34 38 38 34 31 36
47x46: 56 62 56 38 55 70
48x50: 36 53 45 38 39 44
39x38: 36 39 37 45 38 31
46x36: 22 36 31 42 27 22
42x35: 39 42 42 39 28 37
39x35: 41 44 27 30 35 31
40x40: 38 27 31 32 14 27
37x47: 48 48 38 43 43 48
42x44: 42 28 31 31 25 38
46x45: 34 40 34 41 43 32
45x39: 32 35 34 25 34 35
38x46: 27 36 24 27 33 32
41x40: 46 46 38 37 46 38
40x37: 32 31 24 21 27 21
47x46: 28 33 31 49 46 37
48x35: 33 27 32 32 18 33
47x50: 38 44 39 34 48 37
40x50: 36 31 39 26 37 39
47x35: 39 46 36 53 43 33
36x37: 30 38 35 25 36 44
45x41: 47 60 42 42 53 36
46x43: 35 37 30 33 38 36
35x41: 22 37 36 42 44 41
49x43: 54 50 64 43 63 51
38x44: 31 27 23 29 31 27
43x35: 28 31 10 31 21 33
35x38: 25 22 18 22 14 30
38x47: 42 56 53 40 47 35
41x44: 21 37 27 32 28 36
40x37: 30 20 25 30 20 31
44x47: 34 37 35 30 35 38
48x50: 42 53 37 42 44 38
38x35: 36 40 28 24 39 38
47x36: 47 50 56 34 30 46
43x36: 36 39 36 43 42 43
46x43: 49 55 43 49 51 59
37x40: 43 43 35 40 28 39
50x36: 26 29 29 40 26 41
36x42: 25 28 22 34 26 32
43x41: 27 33 32 34 27 28
47x44: 65 56 54 42 53 47
39x37: 40 43 27 41 33 37
46x35: 34 41 46 54 37 35
38x45: 43 53 34 52 39 40
44x40: 34 54 49 48 43 43
47x39: 42 35 29 38 19 31
47x41: 36 33 32 28 34 31
48x36: 32 51 49 47 41 48
50x42: 44 40 62 61 55 66
48x47: 34 42 51 41 34 38
49x35: 29 36 34 29 27 21
40x44: 40 43 49 39 47 57
40x50: 38 55 59 36 62 62
46x36: 31 25 33 39 23 28
44x40: 23 44 35 22 28 29
45x38: 33 20 33 37 33 24
45x46: 38 33 37 36 34 47
50x43: 30 36 36 45 35 41
45x39: 46 46 42 51 44 39
47x35: 39 48 44 36 46 40
39x37: 30 22 21 28 26 28
40x35: 24 24 27 19 26 23
49x37: 46 47 44 37 60 44
38x47: 24 32 30 30 30 34
50x41: 59 52 52 51 48 54
49x50: 48 39 47 39 41 42
38x50: 34 36 25 24 33 39
49x46: 56 64 65 52 54 57
45x36: 25 28 37 25 30 34
43x47: 38 32 39 34 28 38
35x39: 22 38 39 33 34 49
49x37: 47 49 53 43 44 43
47x43: 50 51 49 57 49 56
35x50: 44 47 46 51 39 42
40x35: 25 28 20 24 25 21
47x35: 26 29 30 30 29 20
48x45: 51 33 37 40 42 36
39x43: 37 41 39 51 46 44
50x44: 48 45 72 58 59 60
49x45: 47 38 41 43 37 33
43x46: 33 45 29 32 31 40
37x46: 30 31 19 29 42 28
41x39: 29 28 28 31 36 17
42x35: 40 29 47 37 41 32
47x39: 35 26 36 28 30 40
43x46: 30 34 41 33 33 38
46x40: 33 32 31 37 29 32
47x40: 30 34 42 39 20 30
39x42: 25 29 41 22 31 33
36x43: 39 42 34 42 42 38
35x50: 29 28 29 27 29 33
49x44: 27 38 46 35 39 39
44x41: 30 28 32 28 32 32
41x50: 53 47 46 67 49 53
48x41: 30 40 35 33 29 41
46x38: 41 46 42 55 42 42
35x37: 21 21 16 25 21 27
37x49: 31 32 28 31 36 33
36x49: 47 38 33 59 48 45
49x37: 37 36 26 35 25 32
42x46: 45 39 62 48 49 59
48x44: 35 34 46 44 29 35
47x41: 54 47 58 52 42 43
35x40: 19 22 25 28 26 23
35x37: 34 35 29 37 38 23
50x38: 43 55 45 53 50 45
46x38: 32 32 24 27 36 28
42x44: 27 31 33 30 35 40
41x50: 56 58 43 58 43 58
35x39: 30 13 25 15 29 30
48x41: 35 37 34 33 37 32
38x42: 46 38 41 45 42 31
49x47: 50 57 56 61 61 73
44x46: 47 72 46 42 54 49
44x49: 43 31 36 33 38 42
41x47: 39 38 32 24 28 33
42x46: 54 55 32 47 55 53
48x49: 54 34 44 37 44 42
50x43: 64 67 41 59 53 41
38x44: 35 32 26 18 27 30
41x39: 32 27 29 30 28 22
49x47: 60 65 65 69 46 47
50x35: 58 37 35 46 52 38
48x38: 31 28 29 31 38 35
42x44: 34 27 37 31 37 29
36x41: 23 30 23 22 29 29
46x46: 28 45 32 39 39 42
43x42: 30 34 28 37 31 36
50x41: 57 51 61 49 49 49
46x43: 30 27 36 41 39 36
40x48: 40 39 39 37 36 17
37x41: 45 39 38 37 39 34
47x38: 34 34 29 28 29 25
50x37: 48 35 46 55 60 38
41x39: 28 31 29 25 27 29
35x42: 41 36 31 44 37 36
48x50: 46 38 43 42 46 41
49x47: 45 50 38 34 38 35
39x45: 30 35 33 30 38 28
46x36: 45 45 45 35 39 48
47x45: 33 32 42 40 34 43
36x44: 27 34 29 22 25 30
39x40: 41 46 35 28 44 48
46x38: 44 39 53 42 41 54
45x44: 56 45 59 45 53 47
38x43: 32 25 24 28 30 28
45x42: 38 33 28 32 40 39
44x42: 26 34 41 34 35 25
37x42: 41 38 32 41 44 43
49x36: 34 33 31 36 27 31
35x45: 33 31 29 28 21 23
40x40: 43 30 46 44 44 40
35x50: 26 31 26 29 30 34
35x39: 27 16 27 29 25 18
49x37: 49 42 44 50 49 44
46x39: 35 39 29 34 28 30
45x44: 32 47 27 39 32 33
38x38: 36 32 32 45 39 38
44x49: 28 42 33 34 43 44
43x49: 54 59 54 52 58 45
39x35: 43 41 38 28 25 36
47x44: 50 55 44 52 58 60
49x36: 43 51 56 37 49 34
46x45: 57 67 39 48 52 54
36x50: 37 50 52 42 43 57
35x37: 20 22 26 16 23 24
50x45: 58 58 57 50 67 56
42x37: 32 38 44 35 53 37
43x50: 29 35 35 45 44 35
47x47: 47 51 46 76 58 62
48x48: 59 65 50 50 67 64
38x38: 44 36 37 40 35 28
40x46: 56 38 57 51 37 45
42x36: 35 24 38 30 22 18
36x40: 27 35 35 34 48 45
39x35: 35 39 32 35 36 32
35x35: 39 22 41 30 25 34
36x41: 35 17 24 27 21 31
41x40: 34 18 35 24 24 34
37x44: 40 49 36 39 37 52
45x49: 63 50 54 60 56 56
50x50: 65 62 56 64 69 69
47x36: 40 40 51 41 40 52
46x44: 42 36 32 41 28 31
42x40: 37 22 33 35 24 31
39x43: 26 35 23 40 32 25
44x44: 51 43 50 53 49 53
47x48: 45 39 41 34 38 43
37x48: 57 50 47 32 39 50
36x47: 37 46 40 52 45 39
43x43: 22 38 36 37 36 26
45x49: 61 63 52 60 49 53
49x43: 39 43 35 49 29 29
40x45: 26 23 42 46 20 38
35x46: 24 32 30 22 24 33
45x46: 47 54 65 55 48 51
35x47: 32 29 24 25 28 26
45x38: 45 39 48 44 47 40
43x46: 45 46 47 50 66 50
41x49: 44 61 43 56 48 58
48x38: 39 25 31 34 31 32
36x40: 38 44 36 32 41 28
50x45: 41 37 34 46 39 43
42x44: 34 31 38 34 32 27
48x48: 42 45 43 34 38 54
48x50: 37 34 57 48 42 38
37x38: 39 40 33 37 42 21
50x36: 20 29 36 38 37 32
36x38: 27 28 28 24 21 16
39x43: 21 34 27 37 36 27
50x35: 50 39 47 34 47 56
48x44: 50 35 37 30 35 37
48x41: 32 28 40 41 34 32
40x44: 38 42 53 47 48 44
42x50: 30 44 37 31 45 36
45x36: 23 32 18 38 36 33
40x43: 42 33 24 29 30 24
43x39: 45 45 43 41 44 39
46x50: 49 36 36 37 39 42
35x36: 24 23 22 27 15 21
47x40: 51 41 47 57 41 54
35x45: 36 22 28 27 26 26
45x36: 42 40 39 37 48 44
44x36: 33 38 43 51 39 40
49x35: 31 42 63 38 51 41
35x37: 23 15 29 21 21 23
49x47: 63 60 55 58 56 63
47x46: 49 61 53 51 60 60
48x45: 52 47 53 66 54 62
43x39: 44 42 36 50 46 38
44x48: 37 40 45 37 35 30
47x42: 27 36 30 37 36 43
36x37: 29 24 24 22 16 29
42x40: 19 40 18 42 30 33
47x38: 44 47 44 54 45 39
36x37: 34 25 45 34 32 38
50x42: 34 36 42 35 34 42
43x48: 31 35 50 32 37 39
47x49: 45 59 68 51 74 59
43x39: 21 36 37 35 32 20
39x43: 49 40 42 45 35 49
39x49: 47 49 46 57 51 42
46x44: 36 30 32 34 39 38
50x39: 33 38 28 33 36 39
48x38: 45 44 47 46 50 50
39x39: 29 28 31 30 23 27
37x49: 48 52 48 51 37 42
36x47: 38 41 53 43 44 43
37x38: 37 37 30 35 42 34
37x45: 26 32 29 29 39 24
37x45: 36 45 41 46 51 35
45x35: 43 39 40 38 44 38
47x41: 26 37 32 36 32 32
46x44: 65 38 55 54 51 48
49x49: 49 35 39 32 53 48
46x40: 48 28 25 36 29 29
48x48: 54 71 57 60 57 54
43x40: 40 44 43 46 44 49
38x42: 55 43 35 39 35 37
48x50: 62 58 59 68 63 58
39x41: 21 26 27 29 30 35
35x45: 35 31 28 24 16 31
43x43: 38 26 22 32 40 38
46x42: 31 27 44 34 36 37
44x40: 44 33 49 48 49 50
37x44: 24 25 28 29 41 21
43x45: 58 55 48 54 40 40
36x36: 39 41 38 22 28 32
47x46: 54 50 63 67 47 52
38x45: 48 54 44 33 31 57
40x36: 39 38 27 36 45 35
36x41: 26 18 28 24 32 27
37x36: 35 24 38 37 42 28
45x39: 42 35 31 35 28 23
49x46: 33 38 40 47 42 40
38x36: 19 20 28 20 30 26
39x40: 47 20 25 22 27 27
35x36: 29 43 35 28 28 31
40x47: 59 55 48 38 43 46
37x37: 34 39 33 38 33 33
41x45: 48 52 43 48 42 52
37x49: 47 47 53 44 45 43
40x38: 29 25 22 27 24 28
37x37: 30 16 19 30 26 23
44x45: 46 57 55 40 50 60
48x47: 60 62 64 52 58 50
45x37: 38 33 40 39 59 49
43x47: 39 35 30 42 31 33
45x37: 51 43 37 41 32 55
49x35: 33 27 24 24 36 32
40x40: 29 31 27 31 20 30
40x47: 55 48 59 35 43 52
38x50: 42 53 42 50 55 50
43x35: 30 33 44 52 39 33
47x43: 36 28 37 26 44 38
50x38: 59 44 49 47 46 47
41x49: 39 42 38 29 33 26
39x50: 44 53 51 48 58 45
47x37: 45 41 45 43 51 42
50x36: 31 36 29 35 31 29
50x35: 52 49 45 44 39 39
37x48: 42 43 50 59 37 42
38x35: 25 19 20 15 31 21
50x39: 35 35 36 34 34 34
42x45: 34 38 48 32 29 28
43x38: 33 23 35 26 25 26
44x48: 30 44 38 29 43 40
40x44: 42 40 47 43 55 44
46x45: 38 32 31 49 35 40
47x38: 43 55 41 48 40 48
39x35: 18 22 33 19 25 25
36x40: 33 28 30 48 42 41
46x44: 64 46 57 48 49 47
40x47: 56 31 58 55 40 52
40x50: 58 47 53 50 49 51
36x45: 29 30 31 31 30 28
48x41: 40 35 38 31 36 28
44x48: 44 49 50 73 61 45
38x48: 47 62 42 45 43 39
47x50: 65 54 67 59 54 65
46x38: 45 43 48 43 43 49
48x36: 49 41 39 43 45 50
40x35: 43 35 28 41 38 27
46x46: 45 45 27 40 33 34
48x43: 57 48 55 59 49 49
39x43: 51 40 34 45 41 47
48x45: 32 40 49 32 43 44
50x35: 46 44 47 46 44 42
38x36: 35 30 47 40 32 26
36x45: 43 33 61 39 35 41
48x35: 24 36 32 25 32 27
40x45: 40 40 53 48 47 52
38x46: 47 34 51 35 51 55
39x45: 35 36 32 25 30 37
39x46: 46 44 37 43 57 49
39x50: 51 45 51 47 57 49
44x45: 62 55 38 52 48 47
36x46: 29 29 33 27 29 32
41x48: 32 34 37 43 25 37
39x40: 40 46 48 32 39 35
49x40: 31 33 46 31 36 30
37x36: 30 42 26 34 40 31
37x47: 53 47 49 34 39 47
43x40: 35 31 27 27 26 36
36x38: 13 27 23 30 27 23
41x40: 19 38 31 28 30 23
48x47: 55 60 60 61 55 56
49x49: 62 71 75 55 49 59
46x39: 36 29 34 36 28 32
45x48: 59 51 64 54 55 49
47x46: 27 28 41 43 37 48
40x35: 31 33 32 38 35 50
38x44: 51 38 40 45 46 35
41x36: 35 32 36 42 40 44
36x46: 35 46 45 39 46 45
36x40: 31 18 29 20 28 30
40x42: 45 47 31 40 54 39
47x35: 28 22 22 39 23 31
38x49: 54 40 50 57 48 34
44x44: 35 36 34 29 29 32
50x42: 55 35 31 36 31 35
41x39: 40 43 45 37 36 48
48x35: 31 21 34 34 26 30
37x39: 41 32 37 35 36 43
42x43: 30 31 35 31 37 32
48x36: 37 32 30 29 28 36
37x45: 22 27 33 33 31 33
43x41: 44 42 40 43 53 50
35x47: 30 32 31 16 20 35
47x48: 56 62 59 60 52 59
37x40: 34 47 42 37 35 32
38x42: 27 29 26 28 29 29
36x36: 27 24 26 18 23 25
37x38: 32 41 36 43 25 41
41x49: 44 58 49 54 53 51
35x39: 19 22 31 23 27 20
36x46: 45 42 45 36 41 48
45x47: 57 50 51 59 52 57
36x43: 34 40 36 42 49 36
44x43: 47 63 42 41 58 36
39x46: 51 44 44 46 45 46
37x40: 29 26 27 29 25 19
35x44: 38 41 42 42 31 45
44x35: 29 20 33 26 22 23
41x47: 33 35 38 31 29 28
45x45: 33 29 33 41 46 43
42x45: 43 36 36 26 34 35
41x47: 49 43 39 62 56 45
41x38: 29 35 27 19 25 21
43x35: 24 29 25 30 26 19
45x49: 45 44 43 27 35 45
45x45: 44 39 29 37 45 31
42x37: 45 32 38 48 41 33
45x48: 56 64 44 59 57 49
44x39: 30 31 38 25 27 31
35x48: 34 47 41 36 53 49
48x43: 49 51 63 59 43 55
50x39: 35 34 40 33 25 40
41x43: 23 39 30 31 29 30
39x37: 31 26 21 29 16 32
45x46: 54 47 53 54 59 51
46x45: 33 42 37 34 35 43
47x36: 49 41 32 52 47 36
50x37: 43 42 53 47 48 55
37x50: 26 32 34 27 39 33
38x44: 30 34 21 25 26 32
37x47: 55 41 46 47 37 41
49x39: 41 53 52 48 44 60
42x36: 42 31 34 35 52 38
47x48: 52 52 62 64 57 62
46x46: 33 38 38 38 47 30
48x46: 50 53 70 67 53 46
48x46: 45 41 38 36 42 37
35x38: 28 21 17 25 18 23
49x35: 45 47 46 46 38 42
40x47: 52 49 40 42 58 47
47x45: 32 42 39 38 39 34
45x50: 42 40 34 43 46 35
42x35: 33 38 41 36 41 38
40x46: 30 31 27 27 29 51
46x37: 35 31 31 28 37 18
48x44: 54 52 52 50 60 58
48x47: 67 63 66 54 44 53
37x37: 27 20 29 20 26 21
46x45: 37 39 31 38 29 51
37x43: 35 28 45 41 50 49
48x49: 39 65 35 30 41 46
35x39: 42 24 36 28 39 44
47x48: 34 38 39 42 40 46
38x35: 16 27 16 25 24 24
35x41: 36 39 29 27 47 44
48x39: 37 37 33 31 31 38
49x47: 42 42 46 34 32 44
42x37: 27 41 25 25 25 25
49x45: 45 60 46 58 65 67
36x46: 25 30 27 29 31 38
47x48: 54 54 54 59 63 65
38x49: 43 40 46 55 54 49
35x43: 36 36 31 44 40 46
39x45: 31 31 33 35 23 41
45x36: 23 31 34 31 25 36
48x40: 49 44 47 51 61 41
47x38: 46 49 45 50 37 49
41x36: 27 31 24 27 23 23
45x41: 44 43 56 47 46 50
49x40: 30 32 32 37 39 38
46x41: 37 37 27 31 34 29
46x38: 45 36 51 43 48 48
37x35: 38 40 38 28 29 25
46x44: 37 34 40 26 34 39
48x37: 33 31 36 26 35 31
42x47: 44 63 49 38 53 59
43x50: 37 33 35 39 49 31
41x35: 42 36 36 41 26 41
37x47: 42 39 52 36 53 48
37x42: 47 52 42 25 36 37
39x39: 27 18 37 26 26 34
46x44: 38 37 40 34 28 33
40x42: 39 49 37 38 47 50
49x38: 25 34 29 32 38 34
43x44: 45 33 21 28 40 29
43x45: 33 38 36 26 47 30
44x41: 47 39 48 42 56 46
38x49: 54 43 55 43 45 48
44x48: 32 34 30 45 48 35
50x37: 44 56 38 46 48 53
42x43: 57 45 41 42 49 42
38x41: 23 25 25 21 37 25
46x35: 26 53 55 31 46 38
40x36: 18 32 30 26 27 23
36x40: 30 23 25 24 28 25
47x48: 35 39 41 47 37 40
40x40: 45 49 33 40 43 33
39x39: 39 42 41 38 35 40
39x43: 40 32 30 34 17 28
35x39: 31 39 41 31 35 34
43x47: 25 31 36 35 44 38
47x38: 50 40 41 42 54 48
49x45: 41 41 31 44 41 42
43x36: 41 35 45 44 40 32
45x37: 38 25 31 29 28 28
36x36: 27 23 17 24 29 23
46x44: 50 48 54 62 39 62
48x49: 72 53 70 48 59 62
40x44: 41 25 26 30 38 21
45x41: 48 50 43 47 50 45
36x35: 32 34 39 27 34 28
46x35: 34 44 49 38 40 45
49x39: 38 39 46 27 23 34
35x45: 41 47 34 31 47 42
50x46: 63 56 44 65 57 70
50x44: 59 57 69 51 54 48
38x35: 16 19 23 23 23 27
36x46: 33 34 27 26 27 32
42x50: 33 38 32 33 38 50
50x40: 53 43 45 47 61 61
38x35: 25 20 19 24 25 19
45x42: 24 35 39 43 31 38
43x43: 50 51 48 55 43 34
50x47: 70 64 64 52 48 66
44x48: 60 50 63 52 53 46
45x40: 44 55 43 58 32 44
38x37: 25 26 20 20 33 20
50x48: 37 41 50 50 40 38
50x49: 38 45 39 49 50 34
36x42: 23 31 29 26 29 30
43x37: 31 19 27 35 27 29
49x40: 51 43 50 54 46 61
35x40: 38 41 38 28 37 33
50x48: 49 42 46 37 48 33
35x42: 18 24 20 36 32 24
37x36: 24 29 24 25 23 18
39x45: 52 44 57 31 43 45
50x39: 53 50 50 44 57 45
43x45: 43 49 53 51 52 51
41x43: 25 30 27 28 44 27
48x40: 46 50 58 41 50 53
36x45: 47 38 38 41 39 48
46x46: 49 49 57 46 64 64
38x44: 26 20 34 28 33 26
48x49: 57 58 60 62 62 64
40x50: 36 25 37 45 34 30
41x49: 33 28 35 39 33 40
44x48: 46 60 68 55 55 39
35x36: 24 42 34 28 35 31
43x50: 49 67 51 49 55 61
38x45: 40 37 52 42 49 45
37x39: 34 24 26 21 25 25
38x35: 38 28 25 32 43 39
37x41: 43 37 37 45 36 34
36x46: 33 26 25 33 32 30
37x43: 21 29 26 36 23 32
50x48: 79 60 67 56 58 46
47x36: 56 36 52 33 36 51
36x35: 21 24 23 17 22 25
50x36: 50 38 55 54 37 44
43x43: 27 30 38 30 32 38
42x42: 38 49 48 44 45 49
41x50: 50 65 47 56 49 46
41x48: 30 40 35 40 33 30
45x37: 36 35 37 24 26 21
44x37: 21 26 25 28 32 36
39x50: 52 44 57 53 38 60
43x38: 25 28 26 31 28 29
36x44: 54 31 32 41 44 41
37x40: 31 47 44 33 36 38
36x41: 29 24 25 33 21 24
47x47: 38 48 31 34 31 43
36x43: 42 44 36 32 36 51
43x46: 34 30 43 35 35 32
40x47: 35 55 59 54 45 41
46x48: 63 53 51 56 57 60
43x49: 44 39 44 35 33 28
38x39: 24 35 25 21 17 33
43x46: 51 52 50 46 53 53
41x39: 23 43 24 21 27 30
40x45: 38 43 48 55 51 41
35x43: 28 26 20 34 27 18
49x44: 37 38 31 35 38 44
38x48: 41 55 47 37 54 47
35x45: 23 36 27 34 18 26
44x44: 29 26 45 30 41 24
49x46: 43 33 54 38 32 39
39x40: 25 29 29 25 34 27
44x47: 55 53 50 44 51 70
49x37: 27 24 40 32 39 30
42x45: 32 31 30 42 40 35
45x48: 41 40 29 43 36 51
42x50: 34 44 32 46 26 41
39x48: 35 32 39 40 27 34
36x49: 26 27 33 38 32 35
41x38: 24 38 22 23 28 20
50x43: 46 68 52 59 47 60
45x48: 38 40 31 48 36 46
42x42: 48 44 51 44 42 43
41x45: 32 30 35 35 31 32
45x40: 39 34 33 25 33 31
44x37: 28 38 31 15 28 27
41x41: 33 45 22 19 25 25
43x48: 49 50 60 62 42 57
49x45: 67 59 45 53 70 39
37x41: 26 27 31 25 22 24
36x44: 34 44 53 37 39 38
47x37: 26 23 27 31 32 40
44x45: 46 58 46 49 58 46
45x47: 39 46 41 40 28 31
50x50: 43 37 46 35 40 54
36x38: 28 20 23 27 17 29
41x42: 49 39 56 40 44 37
37x37: 21 19 19 33 24 27
35x50: 43 31 48 46 55 48
35x38: 26 30 34 28 48 41
36x44: 46 40 53 32 41 31
40x38: 19 32 36 30 25 13
49x38: 32 41 30 31 29 29
40x45: 44 43 52 45 50 43
50x39: 50 44 51 52 50 55
41x43: 28 27 28 29 33 36
49x46: 57 56 55 53 64 63
43x36: 33 28 32 27 27 21
35x41: 25 13 28 27 26 23
50x43: 54 56 53 62 55 49
50x37: 53 42 51 53 40 46
38x40: 20 29 23 31 32 21
39x48: 40 53 57 51 52 32
48x38: 43 51 40 48 46 54
42x39: 47 29 36 48 41 54
48x45: 36 44 33 42 37 47
46x40: 46 47 50 41 54 45
38x43: 32 28 37 27 24 19
41x37: 50 36 41 34 37 35
38x47: 38 52 46 51 43 45
37x36: 17 24 29 21 30 22
45x45: 47 41 66 51 59 49
49x50: 36 33 49 42 45 51
38x50: 40 51 69 55 36 43
43x42: 45 53 48 43 46 42
39x39: 34 29 22 28 26 29
40x41: 29 28 28 24 30 29
46x50: 36 42 27 37 58 40
43x43: 53 42 45 53 43 49
40x42: 36 33 31 30 23 29
47x42: 36 48 38 64 61 57
47x37: 34 30 32 34 27 23
36x41: 40 35 35 46 38 31
39x45: 37 47 38 51 45 54
42x48: 32 44 40 34 37 37
42x48: 57 49 48 45 57 55
36x49: 49 48 44 46 43 40
48x48: 70 54 69 54 58 48
50x39: 50 46 47 54 43 64
50x35: 48 42 40 47 46 46
48x38: 42 44 49 63 45 35
48x36: 46 54 42 35 44 45
41x45: 36 44 50 51 57 46
46x49: 52 62 55 64 55 59
42x46: 35 30 40 38 33 34
50x49: 44 39 34 61 38 39
47x39: 29 36 28 35 32 34
50x47: 36 48 52 36 32 36
46x35: 38 45 38 43 48 33
46x45: 47 42 31 35 39 31
48x40: 26 41 37 41 38 25
43x35: 32 21 22 27 28 23
48x45: 61 56 49 53 62 49
44x38: 44 46 55 37 40 35
46x37: 38 17 18 39 39 29
48x35: 31 39 24 26 25 31
40x47: 29 33 29 32 41 30
48x38: 35 28 36 30 32 31
39x41: 39 45 42 40 45 33
41x45: 44 57 37 46 45 56
50x45: 41 42 38 49 37 33
44x40: 44 46 51 45 40 46
39x44: 23 25 33 28 35 38
45x40: 32 24 23 31 45 40
38x43: 29 22 29 26 28 33
46x47: 42 34 26 38 42 42
42x35: 29 27 26 24 21 27
37x43: 38 20 34 33 21 22
46x49: 57 55 60 57 57 63
41x38: 24 35 24 20 24 28
50x44: 35 31 37 31 49 40
40x43: 22 35 35 33 24 32
41x38: 40 38 40 28 46 51
41x41: 19 24 31 21 29 44
44x49: 36 35 36 43 42 32
48x39: 33 40 33 39 29 33
46x42: 27 35 28 41 41 37
42x36: 37 40 42 43 26 48
35x35: 16 17 24 14 20 29
35x44: 35 43 40 42 46 28
38x41: 20 19 25 42 28 21
37x38: 29 40 45 31 34 40
44x35: 37 45 34 40 39 42
45x42: 48 42 57 53 50 40
44x43: 31 37 35 28 30 35
42x41: 47 40 39 45 46 49
42x47: 36 38 37 32 31 35
49x40: 30 39 33 32 46 27
36x43: 32 34 24 26 25 26
38x39: 46 34 42 36 35 35
39x45: 29 38 29 31 31 36
36x50: 34 38 26 32 33 29
41x46: 35 39 31 30 27 33
46x40: 32 34 36 40 24 28
49x38: 38 37 32 35 21 28
40x40: 19 31 35 28 35 21
49x46: 45 47 35 40 39 34
36x44: 37 38 42 48 39 40
39x40: 35 25 22 28 29 30
40x39: 33 29 27 20 33 27
49x40: 42 29 49 29 35 24
40x42: 47 40 47 35 51 38
41x49: 46 49 55 57 49 55
50x41: 38 36 30 34 25 45
35x35: 18 16 29 16 16 25
40x50: 35 30 36 33 32 42
39x37: 41 36 34 29 39 45
43x38: 30 30 24 29 29 25
44x47: 33 27 33 33 38 46
45x36: 37 23 28 30 32 29
46x39: 41 46 52 41 42 59
50x50: 36 55 39 40 44 42
35x48: 42 45 31 47 52 39
44x35: 26 34 25 24 19 25
44x40: 34 33 33 27 28 26
43x44: 31 31 37 36 31 30
42x49: 51 49 52 49 53 67
47x38: 41 28 35 21 26 28
43x43: 45 55 37 55 44 47
50x46: 70 60 53 58 52 61
40x35: 16 20 31 24 29 22
40x50: 46 53 42 55 58 53
46x47: 53 55 59 47 58 64
48x36: 25 36 25 34 28 43
50x49: 56 66 54 62 80 56
49x48: 68 56 51 74 58 51
42x38: 26 25 30 26 32 28
49x44: 43 36 30 34 39 41
44x39: 34 37 24 26 32 29
36x40: 41 43 27 41 30 39
39x49: 45 38 54 55 47 59
41x37: 38 45 40 34 43 32
41x44: 33 24 32 27 38 28
36x40: 37 37 45 34 23 51
46x48: 51 61 52 64 60 49
45x50: 63 57 61 56 49 62
47x43: 36 27 35 46 29 36
49x42: 51 58 59 45 56 47
44x43: 51 44 47 43 51 58
39x49: 36 53 54 63 45 42
50x47: 45 33 37 40 43 41
35x42: 35 31 42 44 40 34
42x41: 47 42 45 44 49 36
35x40: 18 24 25 28 25 22
50x35: 41 59 50 41 38 40
39x37: 41 47 33 34 31 35
40x35: 29 37 45 33 37 36
39x39: 39 39 39 45 36 35
37x49: 31 30 33 35 33 30
43x44: 24 32 38 29 29 44
42x44: 34 36 27 26 40 33
45x47: 56 57 59 53 48 53
38x44: 31 32 25 23 33 24
49x38: 47 45 48 59 40 48
37x39: 36 32 39 36 37 45
35x49: 27 26 33 23 34 32
35x43: 45 36 46 38 32 35
49x42: 61 50 49 60 45 51
43x40: 32 57 36 46 46 48
44x40: 34 54 54 47 42 40
38x50: 33 36 29 41 23 29
48x41: 32 47 34 28 37 30
50x40: 53 34 38 22 31 30
50x38: 44 52 58 44 47 49
50x38: 53 38 42 58 51 50
37x40: 26 28 28 26 30 18
36x42: 24 29 27 33 25 30
49x45: 39 30 32 33 46 60
41x45: 35 32 27 39 38 24
42x44: 35 55 49 50 51 44
44x40: 40 35 47 47 56 47
45x38: 50 42 38 46 44 42
46x44: 40 36 35 38 27 34
50x50: 72 73 61 68 53 55
36x35: 35 28 43 30 32 26
39x46: 43 25 28 36 29 33
50x42: 40 34 37 42 34 36
48x48: 44 38 39 47 51 37
45x37: 38 41 40 46 43 50
49x40: 47 47 44 59 48 58
35x46: 39 42 36 42 43 47
37x39: 23 22 39 23 25 24
46x45: 44 35 32 32 38 43
43x40: 45 42 41 47 49 39
37x39: 25 24 28 23 32 23
35x43: 41 36 45 35 34 43
50x46: 68 51 52 58 75 45
40x44: 49 44 37 48 47 45
36x48: 38 48 44 41 49 47
50x45: 38 46 35 40 39 42
41x46: 32 35 28 41 27 32
47x47: 50 65 60 59 49 58
41x46: 56 39 47 57 49 40
45x41: 37 25 40 35 33 25
49x41: 46 36 62 61 54 52
40x41: 29 23 29 36 21 31
36x50: 33 33 36 31 32 27
37x40: 40 33 31 40 42 42
43x47: 43 45 54 58 66 43
36x39: 31 37 31 35 37 48
36x50: 45 44 52 35 54 49
37x43: 23 30 23 30 32 29
47x50: 58 56 56 64 70 56
39x41: 24 31 34 25 31 23
46x39: 37 35 26 36 32 29
47x38: 31 35 19 27 35 32
40x48: 63 46 48 43 45 51
48x49: 58 69 67 59 53 56
44x40: 44 45 42 42 47 53
38x35: 20 27 19 26 20 20
37x35: 24 31 32 40 37 36
39x41: 40 39 52 36 42 38
43x47: 50 48 53 50 59 51
44x47: 40 26 31 38 38 36
50x45: 60 63 61 55 55 51
42x38: 47 35 41 34 47 42
39x42: 33 35 57 46 38 47
50x38: 54 54 49 33 56 46
39x40: 24 33 27 38 23 24
47x36: 40 40 42 51 43 45
39x50: 31 34 40 30 34 38
41x46: 41 33 32 24 30 34
38x45: 37 41 54 50 44 37
49x41: 58 52 56 46 47 51
37x47: 47 56 32 47 44 38
37x39: 35 39 42 33 37 37
40x38: 30 25 24 26 25 26
43x42: 54 46 37 45 40 58
43x48: 29 48 38 39 38 32
40x37: 21 31 26 27 27 23
43x40: 57 39 43 39 44 42
49x50: 81 62 62 66 49 55
37x48: 40 31 30 25 31 34
36x40: 19 25 30 33 29 19
39x35: 18 23 28 19 26 29
43x40: 22 34 28 25 36 36
44x42: 34 42 53 57 53 46
38x35: 41 34 36 37 28 27
46x39: 40 27 33 38 31 26
36x50: 31 32 38 31 29 30
42x44: 49 44 47 48 53 42
44x48: 30 34 32 38 33 57
37x48: 44 46 39 41 56 47
35x43: 38 40 43 40 34 37
39x43: 27 25 35 29 30 35
48x40: 50 55 54 53 39 44
36x49: 50 51 37 36 48 50
50x47: 34 48 34 45 45 33
46x43: 53 54 35 49 62 49
50x43: 46 60 54 60 60 49
43x39: 39 44 44 45 47 38
40x40: 47 46 30 44 34 45
48x38: 38 30 41 28 29 26
44x45: 23 40 33 38 36 40
46x46: 48 55 44 74 48 56
50x42: 61 58 55 48 51 49
36x47: 28 27 27 26 33 38
40x49: 62 52 41 48 49 48
42x45: 33 40 29 33 40 34
38x46: 28 28 28 25 34 36
46x41: 43 43 50 45 60 50
45x39: 44 45 45 48 39 51
49x44: 34 38 47 43 37 24
48x43: 56 50 60 51 51 50
45x40: 43 47 62 33 45 51
40x39: 31 24 23 32 33 25
37x46: 21 39 31 25 33 31
41x49: 43 60 38 60 53 54
36x50: 61 43 44 54 31 43
39x38: 38 31 43 35 41 42
45x37: 30 24 33 35 24 34
43x38: 23 32 28 32 31 21
42x49: 46 56 50 56 50 61
36x38: 28 26 22 16 20 31
37x41: 26 19 30 23 31 26
40x50: 32 43 39 41 25 28
41x44: 31 29 28 32 34 28
45x39: 47 36 56 43 49 39
47x41: 50 46 62 44 51 44
48x40: 39 39 26 34 32 37
43x50: 58 56 44 57 63 50
44x44: 48 47 56 45 46 60
40x43: 58 40 48 38 44 35
43x43: 32 28 29 28 40 39
40x50: 37 37 24 42 38 29
45x37: 32 39 27 32 24 26
46x41: 18 40 29 43 32 32
41x40: 39 45 47 36 52 31
49x44: 62 60 58 36 59 58
41x41: 33 29 31 23 28 25
40x36: 40 38 42 33 34 35
43x36: 42 37 41 38 40 41
36x41: 38 27 43 49 41 27
37x37: 32 33 39 33 35 41
38x36: 22 31 20 25 26 20
50x43: 60 56 60 59 53 39
48x44: 38 49 34 34 35 34
36x41: 32 21 21 24 31 27
37x37: 25 24 26 24 25 19
43x37: 19 29 32 31 24 32
37x35: 32 30 34 31 41 31
41x46: 37 33 30 38 22 35
49x48: 65 59 53 57 64 64
43x37: 32 32 29 16 24 34
39x41: 27 32 25 26 30 29
40x37: 39 44 41 36 31 37
36x43: 25 30 37 33 19 24
49x42: 50 38 61 49 62 60
37x44: 23 34 26 34 22 29
37x42: 33 20 33 28 31 23
42x44: 64 37 49 34 51 51
44x43: 32 32 36 30 34 31
44x50: 62 60 50 46 56 67
38x42: 28 31 27 29 28 25
46x47: 31 41 30 47 39 36
45x39: 49 43 47 47 41 43
35x46: 31 30 31 24 26 22
41x46: 49 56 49 43 54 36